#RPLIDAR SCAN DATA
#COUNT=466
#Angule	Distance	Quality
355.4352 387.0 188
355.8087 387.0 188
356.8250 387.0 188
357.1985 387.0 188
357.8412 387.0 188
358.6047 387.0 188
359.2310 387.0 188
0.1208 388.0 188
0.6207 389.0 188
1.1371 393.0 188
4.2023 381.0 188
4.9823 390.0 188
5.4987 393.0 188
6.2787 389.0 188
7.0422 395.0 188
17.1552 234.0 188
16.6718 228.0 188
17.6825 227.0 188
18.8416 227.0 188
19.9841 227.0 188
20.6378 225.0 188
20.0281 225.0 188
21.9342 225.0 188
21.3245 225.0 188
22.5934 225.0 188
22.2473 226.0 188
24.5105 226.0 188
25.1697 227.0 188
24.9335 227.0 188
26.4661 228.0 188
27.1088 228.0 188
27.7625 230.0 188
28.3887 231.0 188
27.5153 231.0 188
33.4479 367.0 188
33.8269 359.0 188
34.7003 363.0 188
37.8424 248.0 188
36.2164 374.0 188
37.2162 371.0 188
37.8589 371.0 188
39.4958 388.0 188
40.2484 384.0 188
40.4956 389.0 188
41.1218 395.0 188
41.7645 398.0 188
42.3853 400.0 188
43.1378 404.0 188
43.6542 410.0 188
44.1541 414.0 188
44.7803 417.0 188
45.5438 424.0 188
46.1700 427.0 188
46.6864 432.0 188
49.5923 474.0 188
49.9658 470.0 188
50.6085 480.0 188
51.4819 487.0 188
51.7456 498.0 188
52.3718 503.0 188
53.1354 514.0 188
53.5144 521.0 188
54.1406 531.0 188
54.7778 547.0 188
56.4368 791.0 188
57.6837 802.0 188
58.2001 832.0 188
58.8263 850.0 188
59.4635 865.0 188
59.9634 887.0 188
60.6061 906.0 188
61.3586 922.0 188
61.8750 946.0 188
62.3749 968.0 188
63.1384 992.0 188
63.6548 1014.0 188
64.1547 1038.0 188
64.7919 1059.0 188
65.4346 1034.0 188
66.0608 1028.0 188
66.6980 1029.0 188
67.4670 1023.0 188
69.3567 675.0 188
69.8730 719.0 188
70.6201 719.0 188
71.0156 744.0 188
72.5427 721.0 188
73.2953 699.0 188
73.8116 692.0 188
74.5752 691.0 188
75.2014 690.0 188
75.8386 690.0 188
76.3550 690.0 188
77.1075 691.0 188
77.7448 690.0 188
78.2611 690.0 188
78.8873 690.0 188
79.5300 689.0 188
80.2936 690.0 188
80.7935 690.0 188
81.4362 689.0 188
82.1997 691.0 188
82.8424 690.0 188
83.2159 724.0 188
84.1058 641.0 188
84.8749 625.0 188
85.5121 628.0 188
86.0120 628.0 188
86.7810 629.0 188
87.5446 630.0 188
88.0609 631.0 188
88.5773 631.0 188
89.3243 633.0 188
89.9670 634.0 188
90.4834 635.0 188
91.2469 636.0 188
91.7468 636.0 188
92.3895 637.0 188
93.1531 639.0 188
93.7958 641.0 188
94.3121 642.0 188
94.9329 644.0 188
95.7019 644.0 188
96.3391 646.0 188
96.9818 649.0 188
97.6080 650.0 188
98.1244 654.0 188
98.7616 653.0 188
99.4043 656.0 188
99.9207 658.0 188
100.7941 663.0 188
101.3104 665.0 188
101.8268 670.0 188
102.4640 729.0 188
103.6066 1125.0 188
104.2328 1128.0 188
104.8700 1130.0 188
105.4962 1137.0 188
105.9961 1141.0 188
106.7487 1145.0 188
107.3859 1148.0 188
107.8857 1154.0 188
108.6383 1157.0 188
109.1547 1192.0 188
109.9017 1161.0 188
110.4016 1163.0 188
111.0278 1171.0 188
115.9497 2930.0 188
116.7023 2809.0 188
117.3395 2735.0 188
117.9657 2688.0 188
118.5919 2607.0 188
119.2181 2539.0 188
119.8553 2542.0 188
120.4816 2538.0 188
121.1078 2563.0 188
121.7450 2580.0 188
122.3877 2551.0 188
123.0304 2478.0 188
123.6676 2435.0 188
124.3103 2395.0 188
124.9530 2369.0 188
125.7166 2329.0 188
126.3593 2297.0 188
126.9965 2255.0 188
127.6392 2238.0 188
128.2764 2207.0 188
128.9191 2168.0 188
129.5618 2153.0 188
130.1990 2124.0 188
130.8417 2091.0 188
131.4844 2073.0 188
132.2644 1900.0 188
132.9016 1655.0 188
133.5443 1656.0 188
134.3079 1579.0 188
134.8242 1659.0 188
135.5933 1663.0 188
136.2305 1668.0 188
136.8732 1668.0 188
137.3895 1706.0 188
138.0267 1732.0 188
138.6694 1753.0 188
139.3121 1785.0 188
139.9493 1810.0 188
140.5920 1829.0 188
141.2292 1864.0 188
141.8719 1891.0 188
142.4048 1925.0 188
143.0310 1964.0 188
143.7946 1784.0 188
144.4373 1750.0 188
145.0745 1739.0 188
145.7172 1730.0 188
146.3544 1717.0 188
146.9971 1707.0 188
147.6398 1690.0 188
148.2605 1685.0 188
148.9032 1674.0 188
149.5459 1668.0 188
150.1831 1661.0 188
150.8258 1656.0 188
151.5894 1647.0 188
152.1057 1632.0 188
152.8748 1627.0 188
153.4955 1622.0 188
154.1382 1615.0 188
154.7809 1609.0 188
155.4181 1606.0 188
156.0608 1602.0 188
156.6980 1623.0 188
157.2144 1677.0 188
157.8571 1749.0 188
158.4833 1816.0 188
159.1205 1894.0 188
159.6368 2002.0 188
160.2795 2003.0 188
160.9167 1996.0 188
161.5594 1995.0 188
162.2021 1986.0 188
162.8394 1986.0 188
163.4821 1983.0 188
164.2456 1978.0 188
164.7784 1959.0 188
165.5420 1959.0 188
166.0583 1953.0 188
166.7175 1949.0 188
167.3547 1935.0 188
168.0139 1945.0 188
168.7775 1931.0 188
169.2938 1936.0 188
170.0739 1939.0 188
170.5902 1928.0 188
171.2329 1923.0 188
172.0129 1921.0 188
172.6556 1919.0 188
173.1830 1922.0 188
173.8257 1919.0 188
174.5892 1921.0 188
175.2484 1922.0 188
175.8856 1912.0 188
176.5283 1919.0 188
177.0612 1914.0 188
177.8247 1921.0 188
178.3575 1916.0 188
179.1211 1920.0 188
179.6375 1924.0 188
180.4175 1914.0 188
180.9338 1926.0 188
181.7029 1927.0 188
182.2302 1928.0 188
182.8729 1928.0 188
183.6530 1940.0 188
184.1528 1953.0 188
184.9219 1933.0 188
185.4218 1946.0 188
186.0590 1950.0 188
186.6852 1947.0 188
187.3279 1957.0 188
188.0750 1959.0 188
188.7177 1969.0 188
189.3384 1980.0 188
189.8547 1981.0 188
190.4810 1987.0 188
191.1237 1993.0 188
191.7499 1995.0 188
194.1394 807.0 188
194.7766 802.0 188
195.5292 796.0 188
196.1719 794.0 188
196.6718 796.0 188
197.3090 796.0 188
197.9352 799.0 188
198.5779 801.0 188
199.1986 802.0 188
199.7150 811.0 188
200.4675 816.0 188
201.1047 815.0 188
201.7310 814.0 188
202.3737 822.0 188
202.8735 829.0 188
203.5107 843.0 188
204.1370 847.0 188
204.7797 866.0 188
205.2960 876.0 188
206.0596 883.0 188
206.7023 885.0 188
207.2186 877.0 188
207.9822 874.0 188
208.4985 875.0 188
209.1357 878.0 188
209.9048 871.0 188
210.5420 898.0 188
211.0583 906.0 188
211.7010 899.0 188
212.3438 896.0 188
213.1073 889.0 188
213.7500 889.0 188
214.2609 890.0 188
214.9036 892.0 188
215.6671 880.0 188
216.1835 884.0 188
216.9525 896.0 188
217.4634 894.0 188
218.2324 893.0 188
218.7488 890.0 188
219.5123 891.0 188
220.0287 892.0 188
220.6714 894.0 188
221.4349 901.0 188
221.9513 916.0 188
222.5885 936.0 188
223.6377 2052.0 188
224.2804 2027.0 188
224.9011 1997.0 188
225.5438 1990.0 188
226.2964 1956.0 188
226.9336 1934.0 188
227.5598 1916.0 188
228.2025 1943.0 188
228.8232 1862.0 188
232.0917 504.0 188
233.4814 486.0 188
234.1241 487.0 188
235.7611 421.0 188
237.2772 411.0 188
238.0463 404.0 188
239.1833 389.0 188
239.9359 391.0 188
240.8258 392.0 188
242.0892 401.0 188
242.2156 402.0 188
242.8583 403.0 188
243.8580 403.0 188
244.2480 404.0 188
244.8743 403.0 188
245.6378 406.0 188
255.4047 488.0 188
255.6848 504.0 188
256.9812 690.0 188
257.4976 692.0 188
258.1512 714.0 188
259.9805 1096.0 188
260.6232 1092.0 188
261.2604 1102.0 188
263.4027 534.0 188
263.7927 547.0 188
266.0284 975.0 188
266.5448 983.0 188
267.1875 988.0 188
267.8247 989.0 188
268.5938 991.0 188
269.1046 997.0 188
269.7473 1006.0 188
272.2961 724.0 188
272.9333 735.0 188
273.8397 590.0 188
274.7296 572.0 188
275.6250 546.0 188
276.2622 523.0 188
277.0313 503.0 188
277.5421 486.0 188
278.4375 468.0 188
279.3274 452.0 188
280.0909 438.0 188
280.8545 423.0 188
281.4972 411.0 188
282.1509 400.0 188
282.9199 390.0 188
283.9362 377.0 188
284.4525 368.0 188
285.2161 359.0 188
285.7324 352.0 188
286.9958 343.0 188
287.3859 339.0 188
288.1549 340.0 188
288.7921 343.0 188
289.4513 345.0 188
289.9677 347.0 188
290.8740 350.0 188
290.8905 351.0 188
291.7969 355.0 188
292.3077 357.0 188
292.9669 359.0 188
293.7305 362.0 188
294.5105 365.0 188
295.1532 367.0 188
295.3125 372.0 188
296.0760 376.0 188
296.8561 381.0 188
297.3724 384.0 188
298.1525 386.0 188
298.7952 389.0 188
298.9490 395.0 188
299.8389 398.0 188
300.3717 403.0 188
301.1353 405.0 188
301.6681 409.0 188
302.1844 414.0 188
302.5909 419.0 188
303.3545 423.0 188
304.1400 429.0 188
304.4037 434.0 188
305.0574 439.0 188
305.7001 438.0 188
306.4801 448.0 188
306.9965 458.0 188
308.2928 467.0 188
308.9520 472.0 188
309.3420 478.0 188
310.6219 481.0 188
311.3855 468.0 188
312.2809 443.0 188
312.8082 444.0 188
313.4509 449.0 188
317.3071 482.0 188
317.5763 501.0 188
318.4662 489.0 188
319.2462 488.0 188
319.7626 483.0 188
320.4053 477.0 188
321.0425 474.0 188
321.8115 471.0 188
322.3279 467.0 188
323.1079 466.0 188
323.8715 459.0 188
324.2615 457.0 188
324.9042 452.0 188
325.6677 449.0 188
326.4478 446.0 188
326.9641 444.0 188
327.7332 441.0 188
328.2495 438.0 188
329.0131 434.0 188
329.6667 432.0 188
330.3094 431.0 188
331.0730 428.0 188
331.5894 424.0 188
332.4792 422.0 188
333.1219 420.0 188
333.6383 417.0 188
334.5282 416.0 188
335.1709 414.0 188
335.8081 413.0 188
336.3245 410.0 188
336.8573 408.0 188
337.7472 407.0 188
338.3899 406.0 188
338.7799 404.0 188
339.6698 403.0 188
340.1862 402.0 188
341.2024 399.0 188
341.5924 398.0 188
342.2296 400.0 188
346.9977 173.0 188
346.8109 293.0 188
347.0746 293.0 188
347.5909 292.0 188
348.7335 291.0 188
348.6237 291.0 188
349.6399 288.0 188
352.1063 394.0 188
352.3700 388.0 188
353.3698 387.0 188
353.7653 387.0 188
354.6552 387.0 188
